57071.60	16.97	0.05	9999 .00
57072.59	16.88	0.04	17.04	0.06
57073.88	16.89	0.09	17.06	0.06
57077.62	16.91	0.03	16.98	0.06
57081.50	16.86	0.08	17.06	0.06
57085.22	16.71	0.09	17.01	0.08
57090.97	16.76	0.03	16.88	0.13
57094.87	16.72	0.04	16.81	0.07
57098.61	16.70	0.06	16.86	0.05
57102.52	16.69	0.04	16.78	0.06
57106.44	16.75	0.14	16.92	0.13
57110.16	16.84	0.05	16.93	0.06
57120.15	17.06	0.10	17.07	0.06
57123.87	17.17	0.15	17.20	0.14
57127.72	17.28	0.19	17.29	0.14
57131.71	17.43	0.15	17.38	0.14
57135.44	17.52	0.14	17.36	0.08
57138.88	17.51	0.06	17.41	0.07
57144.71	17.70	0.08	17.58	0.09
57150.03	17.65	0.03	17.51	0.05
57155.76	17.71	0.03	17.52	0.06
57161.70	17.77	0.03	17.74	0.08
57162.73	17.95	0.03	17.74	0.06
57173.38	9999 .00	  17.83	0.06
57179.11	18.29	0.05	17.96	0.06
57077.17	16.95	0.04	17.01	0.06
57080.08	16.90	0.03	17.00	0.05
57082.94	16.86	0.04	16.98	0.05
57086.01	16.85	0.08	16.96	0.05
57093.02	16.71	0.03	16.84	0.05
57095.93	16.69	0.04	16.83	0.05
57116.93	16.93	0.04	16.99	0.07
57122.85	17.10	0.06	17.09	0.05
57129.94	17.25	0.02	17.24	0.05
57132.93	17.35	0.03	17.28	0.05
57135.94	17.43	0.02	17.34	0.05
57138.86	17.44	0.03	17.37	0.05
57144.89	17.66	0.06	17.49	0.06
57150.96	17.62	0.03	17.47	0.05
57162.90	17.89	0.03	17.64	0.05
57166.92	17.97	0.04	17.76	0.06
57176.95	18.29	0.03	17.98	0.06
57068.47	 9999  .00  17.02	0.01
57069.45	 9999  .00  16.94	0.01
57077.45	 9999  .00  16.94	0.01
57078.47	 9999  .00  16.94	0.01
57095.47	 9999  .00  16.76	0.02
57103.40	 9999  .00  16.75	0.01
57104.43	 9999  .00  16.81	0.01
57137.27	 9999  .00  17.26	0.01
